0	795.3	317.9	863	831.2	241.8	728.1	693.1	180.8	512.6	572.7	243.6	176.5	355.6	414.1	746.2	234.9	404.7	249.2	437.3	243.5	287.4	602.9	283	186	672.2	728.3	280	826.3	466.2	428.6	649.6	326.1	195.2	264.6	483.1	414.2	215.1	509.6	195.7	462.8	523.3	763.9	363.6	257.1	294.2	226.3	375.6	321.5	728.7	269.1	424.9	390.7	279.4	297.9	517.5	60.5	757.2	414.4	564.2	320.9	326.4	506.6	237.9	124.3	269.4	227.8	325	404.5	562.8	293.6	720.1	330.2	373.5	479.5	424.4	533.5	626.8	521.8	471.1	518.1	517.9	410.7	408.9	414.5	282.8	675.8	706.3	956	1125.2	626.7	709.9	652.7	1018.2	503.1	511.8	577.5	697.1
827.4	0	947.9	269.7	318.3	689.1	277.5	580	742.1	363.9	469.8	695.8	707.5	611.2	437.8	134.5	657.1	856.9	924.5	506.4	638.7	555	982.3	735.2	730.6	870.8	637.5	981.1	562.6	734.3	895.9	755.6	899.6	928.7	782.2	872.9	941.9	762.1	1033.8	930.8	670.7	698	619.2	478.8	585.3	746.4	830.7	981.2	507.3	637	661.8	872.1	467.6	980.5	554.8	345.8	820.1	145.5	941.7	298.8	507.9	927.4	826.9	978.2	836.4	662.1	832.2	913.8	1045.6	362.9	745.8	633.4	572	982.8	818.8	872.6	732.1	994.1	787.6	958.3	792.2	792	1068.5	1064.4	941.6	981.4	919.9	696.1	774.5	591.8	870.8	1080.2	915.4	693.7	801.4	1162	821.6	1106.1
229.3	868.2	0	928.9	897.1	250	813.1	759	189	619	679.1	251.8	282.1	421.5	487	812.1	397.3	412.9	48.6	503.2	349.1	393.8	650.5	291.2	194.2	680.4	794.2	445.5	892.2	474.4	451.9	657.8	373.7	236.4	193.2	530.7	461.8	380.6	557.2	294.9	471	542.6	772.1	470	363.5	302.4	139.7	423.2	394.4	794.6	352.5	433.1	456.6	444.9	404.3	583.4	215.9	823.1	462	630.1	393.8	374	514.8	285.5	144.1	352.8	138.2	372.6	387.1	645.7	301.8	786	436.6	421.1	487.7	432.6	541.7	674.4	530	518.7	526.3	526.1	458.3	456.5	462.1	289.1	684	714.5	964.2	1225.2	634.9	757.5	660.9	1084.1	668.6	559.4	585.7	744.7
865.2	291.9	985.7	0	68.6	726.9	314.4	595.9	779.9	401.7	526.6	733.6	745.3	627.1	475.6	135.8	713.9	894.7	962.3	522.3	676.5	592.8	991.3	773	768.4	886.7	653.4	1037.9	578.5	750.2	933.7	723.9	937.4	966.5	820	888.8	957.8	818.9	1012.9	987.6	686.6	713.9	635.1	516.6	623.1	784.2	868.5	1019	545.1	652.9	699.6	888	496.5	1037.3	592.6	361.7	857.9	142.2	957.6	314.7	545.7	965.2	842.8	1016	874.2	699.9	870	951.6	1083.4	400.7	783.6	649.3	609.8	1020.6	834.7	888.5	748	981	803.5	974.2	808.1	807.9	1084.4	1082.2	957.5	1019.2	907.8	664.4	708.3	435.9	886.7	1000.4	931.3	502.7	858.2	1054.4	837.5	987.6
867.4	323.7	982.7	58.4	0	723.9	346.2	581.2	776.9	433.5	558.4	730.6	775.9	612.4	506.2	167.6	745.7	891.7	959.3	507.6	708.3	624.6	960	770	765.4	872	638.7	1069.7	563.8	735.5	930.7	692.6	934.4	963.5	817	874.1	943.1	850.7	981.6	1019.4	671.9	699.2	620.4	548.4	654.9	771.2	865.5	1016	575.7	638.2	721	873.3	481.8	1069.1	623.2	347	860.1	174	942.9	300	576.3	962.2	828.1	1013	871.2	721.3	867	948.6	1080.4	432.5	770.6	634.6	641.6	1017.6	820	873.8	733.3	949.7	788.8	959.5	793.4	793.2	1069.7	1067.5	942.8	1016.2	876.5	633.1	677	415.5	872	969.1	916.6	471.4	890	1023.1	822.8	956.3
199.7	640.1	315	700.8	669	0	585	530.9	109.2	410.2	580.7	62.9	252.5	193.4	258.9	584	434.6	185.6	291.6	275.1	304.7	309.3	482.6	63.9	97.7	437.8	566.1	479.7	664.1	247.1	224.6	415.2	228.3	295.8	149.3	373.2	425.8	414.8	534.1	354.3	228.4	300	529.5	365.8	319.3	75.1	197.8	309.9	166.3	566.5	158.1	205.8	228.5	479.1	302	355.3	192.4	595	426	402	165.7	256.1	287.5	345.3	203.5	158.4	199.3	242.5	374.3	417.6	74.5	557.9	353.4	311.5	260.4	205.3	299.1	494.4	302.7	409.1	299	298.8	518.1	393.1	426.1	348.5	456.7	471.9	721.6	997.1	407.6	587	433.6	856	702.8	619.2	358.4	623.8
737.7	260.7	863	351.1	399.7	604.2	0	569.4	657.2	268	348.1	610.9	622.6	538	352.9	215.9	605.5	772	839.6	422.3	542.8	459.1	909.1	650.3	645.7	806.9	626.9	929.5	552	661.1	811	745	814.7	842.5	697.3	799.7	868.7	710.5	960.6	869.2	597.5	624.8	608.6	382.9	489.4	661.5	745.8	896.3	422.4	626.4	576.9	792.2	382.7	928.9	463.9	305.1	735.2	226.9	868.5	296.8	423	842.5	753.7	884.3	751.5	577.2	747.3	828.9	960.7	278	660.9	622.8	476.1	897.9	745.6	791.7	668.2	920.9	714.4	885.1	719	718.8	995.3	979.5	868.4	896.5	862.1	685.5	763.9	673.2	813	1007	853.6	683.1	749.8	1088.8	763.8	1050.3
743.8	569.4	859.1	583.9	552.1	567.9	523.7	0	653.3	591.7	689.4	607	738.8	483.2	571.4	467.1	876.7	689.1	835.7	480.6	695.3	699.9	663	544.2	641.8	441.6	106.3	1023.8	176.5	415	728.1	243.8	705.1	839.9	693.4	553.6	622.6	920.9	714.5	898.4	351.4	343.6	257.7	690.8	709.9	544.1	741.9	758.7	556.9	106.7	640.7	552.8	529.7	1023.2	692.6	456.8	736.5	478.1	622.4	409.8	556.3	742.6	507.6	828	747.6	641	743.4	688	853.6	560.2	543.5	98.1	712.4	748.3	499.5	553.3	353.9	654.5	462.5	639	472.9	472.7	749.2	747	622.3	892.6	443.5	200.1	449.8	677.3	442.2	651.6	486.8	536.2	1021	798.2	445.8	738.6
124.2	716.4	237.6	777.1	745.3	98.2	661.3	607.2	0	486.5	574	100	177	269.7	335.2	660.3	359.1	261.1	216.1	351.4	244	288.7	558.1	139.4	42.4	528.6	642.4	404.2	740.4	322.6	300.1	506	303.8	220.3	121	448.7	446.1	339.3	541.5	278.8	319.2	390.8	620.3	364.9	258.4	150.6	122.3	385.4	242.6	642.8	200.7	281.3	304.8	403.6	299.2	431.6	116.9	671.3	446.3	478.3	242	331.6	363	269.8	128	201	123.8	318	371.4	493.9	150	634.2	331.5	387	335.9	280.8	389.9	569.9	378.2	484.6	374.5	374.3	442.6	440.8	446.4	273	532.2	562.7	812.4	1073.4	483.1	662.5	509.1	932.3	627.3	543.7	433.9	699.3
509.6	330.3	682.2	420.7	468.2	433.2	256.6	622.9	486.2	0	300.3	439.9	397.6	365.6	156.4	285.5	445.7	601	658.8	247.3	314.7	231	736.7	479.3	474.7	634.5	658.1	725.4	606.4	488.7	640	611.9	643.7	614.4	526.3	627.3	696.3	515.4	788.2	641.1	425.1	452.4	663	154.8	261.3	490.5	565	725.3	251.4	658.5	405.9	621.2	207.7	724.8	235.8	175.5	510.2	296.5	696.1	222.2	252	671.5	581.3	656.2	564.9	406.2	566.5	657.9	789.7	134.3	489.9	649.9	248	726.9	573.2	620.7	495.8	748.5	542	712.7	546.6	546.4	822.9	808.5	696	701.1	689.7	668.6	818.3	742.8	640.6	834.6	681.2	737.5	792.3	916.4	591.4	877.9
590.6	446.7	763.2	536.9	557.2	601.8	356.3	697.1	600.5	298.2	0	608.5	478.6	545	335.8	401.9	456.7	769.6	739.8	426.7	395.7	327.7	916.1	647.9	605.7	813.9	754.6	806.4	679.7	668.1	808.6	791.3	812.3	695.4	684.3	806.7	875.7	561.7	967.6	722.1	604.5	631.8	736.3	264.2	346.7	659.1	646	874.9	420	754.1	574.5	789.8	387.1	805.8	327.1	410	591.2	412.9	875.5	433.6	420.6	825.7	760.7	737.2	645.9	574.8	647.5	824.3	895.1	332	658.5	750.5	285.8	872.8	752.6	789.3	675.2	927.9	721.4	892.1	726	725.8	910	908.2	875.4	782.1	869.1	813.2	891.6	859.2	820	1014	860.6	810.8	724.7	1011.1	770.8	1057.3
242.2	733.9	262.2	794.6	762.8	115.7	678.8	624.7	151.7	504	674.5	0	295	287.2	352.7	677.8	477.1	278.6	310.8	368.9	362	403.1	575.6	156.9	140.2	546.1	659.9	522.2	757.9	340.1	317.6	523.5	321.3	338.3	128.7	466.2	518.8	457.3	627.1	396.8	336.7	408.3	637.8	459.6	376.4	168.1	240.3	402.9	260.1	660.3	251.9	298.8	322.3	521.6	395.8	449.1	234.9	688.8	519	495.8	259.5	349.1	380.5	387.8	246	252.2	241.8	335.5	467.3	511.4	167.5	651.7	447.2	404.5	353.4	298.3	407.4	587.4	395.7	502.1	392	391.8	560.6	486.1	519.1	391	549.7	580.2	829.9	1090.9	500.6	680	526.6	949.8	745.3	661.7	451.4	716.8
147.4	752.7	312.1	813.4	781.6	201.7	692.8	643.5	149.4	477.3	537.4	203.5	0	306	371.5	696.6	382.3	364.6	288.7	387.7	207.4	252.1	661.6	242.9	154.6	632.1	678.7	427.4	776.7	426.1	403.6	609.5	407.3	292.9	233.2	552.2	518.7	362.5	614.1	343.1	422.7	473.7	723.8	328.3	221.8	254.1	194.9	480.1	278.9	679.1	219.5	384.8	341.1	426.8	262.6	467.9	140.1	707.6	518.9	514.6	278.3	430.9	466.5	342.4	200.6	219.8	196.4	421.5	444	527.5	253.5	670.5	294.9	478	439.4	384.3	493.4	673.4	481.7	575.6	478	477.8	515.2	513.4	519	345.6	635.7	666.2	915.9	1109.7	586.6	766	612.6	968.6	650.5	616.3	537.4	801.6
384	588.7	499.3	611.5	579.7	213	533.6	348	293.5	357.1	535.1	247.2	364.8	0	205.8	494.7	524.5	362.9	475.9	115	321.3	325.9	439.3	218	282	347.2	383.2	664	481.2	191.7	401.9	324.6	405.6	480.1	333.6	329.9	398.9	546.9	490.8	538.6	137.8	178.2	438.9	325.2	335.9	217.9	382.1	487.2	182.9	383.6	266.7	285.7	164.1	663.4	318.6	266	376.7	505.7	398.7	312.7	182.3	433.4	255.8	529.6	387.8	267	383.6	419.8	551.6	366.2	217.3	375	346.8	488.8	229.7	286.2	208.5	451.1	252.9	387.2	249.2	249	525.5	495.2	398.6	532.8	402.4	381.3	631	814.2	353.3	537.2	383.8	673.1	834.3	619	304.1	580.5
409.4	401.7	535.6	492.1	462.1	276.8	346.6	466.5	329.8	151.3	329.3	283.5	295.2	209.2	0	356.9	339.5	444.6	512.2	90.9	214.5	130.8	580.3	322.9	318.3	478.1	501.7	625.2	599.7	332.3	483.6	455.5	487.3	514.2	369.9	470.9	539.9	415.2	631.8	540.9	268.7	296	569.8	119.4	161.1	334.1	418.4	568.9	95	502.1	249.5	464.8	51.3	624.6	135.6	148.4	407.8	367.9	539.7	195.1	95.6	515.1	424.9	556	424.1	249.8	419.9	501.5	633.3	176.9	333.5	493.5	141	570.5	416.8	464.3	339.4	592.1	385.6	556.3	390.2	390	666.5	652.1	539.6	569.1	533.3	512.2	761.9	814.2	484.2	678.2	524.8	731.4	702.6	760	435	721.5
729.4	156.1	849.9	135.2	183.8	591.1	178.6	460.1	644.1	265.9	390.8	597.8	609.5	491.3	339.8	0	578.1	758.9	826.5	386.5	540.7	457	862.4	637.2	632.6	750.9	517.6	902.1	442.7	614.4	797.9	635.7	801.6	830.7	684.2	753	822	683.1	913.9	851.8	550.8	578.1	499.3	380.8	487.3	648.4	732.7	883.2	409.3	517.1	563.8	752.2	360.7	901.5	456.8	225.9	722.1	11	821.8	178.9	409.9	829.4	707	880.2	738.4	564.1	734.2	815.8	947.6	264.9	647.8	513.5	474	884.8	698.9	752.7	612.2	874.2	667.7	838.4	672.3	672.1	948.6	946.4	821.7	883.4	800	576.2	654.6	457.3	750.9	960.3	795.5	573.8	722.4	1042.1	701.7	986.2
241.3	665.1	469.1	752.1	772.4	426.2	619.4	769.9	365.2	448.1	452.7	428	274.5	432.4	350.1	620.3	0	571.3	399.2	441	191.6	223.1	752.9	467.4	370.4	769.1	805.1	431.1	894.9	613.6	578.6	746.5	476.1	346.1	449	633.1	564.2	182	659.6	350.7	559.7	600.1	860.8	299.1	192.8	478.6	388.6	525.6	311.2	805.5	399.6	599.3	401.4	430.5	233.6	497.4	261.3	631.3	564.4	544.1	310.6	476.4	677.7	387.9	296.6	399.9	388.7	475	554.5	491.4	478	796.9	248.7	523.5	650.2	599.8	630.4	776.8	674.8	621.1	671.1	670.9	560.7	558.9	564.5	432.8	824.3	803.2	1052.9	959.6	775.2	859.9	804.5	1026	469.4	661.8	726	847.1
372.7	837.8	268.7	898.5	866.7	197.7	782.7	659.6	282.2	607.9	778.4	235.9	425.5	377.9	456.6	781.7	494	0	240.5	432	492.5	507	427.7	226.5	270.7	537.7	680.4	576.5	792.8	273.2	123.5	515.1	86	374.3	214.9	318.3	283.5	483.3	421.7	432.8	328.3	415	629.4	563.5	506.9	230.1	310.4	167.6	364	680.8	355.8	152.8	426.2	575.9	499.7	553	365.4	792.7	283.7	599.7	363.4	113.8	232.6	230.8	297.2	356.1	308.9	102.3	232	615.3	229.5	672.2	551.1	169.2	203.7	153.3	399	439.5	305.1	266.8	279.5	279.3	380	250.8	283.8	316.6	459.1	571.8	821.5	1125.8	410	567.5	414.1	984.7	770.7	481.1	360.8	568.9
180.7	819.6	142.3	880.3	848.5	201.4	764.5	710.4	140.4	570.4	630.5	203.2	233.5	372.9	438.4	763.5	348.7	364.3	0	454.6	300.5	345.2	601.9	242.6	145.6	631.8	745.6	396.9	843.6	425.8	403.3	609.2	325.1	187.8	144.6	482.1	413.2	332	508.6	246.3	422.4	494	723.5	421.4	314.9	253.8	91.1	374.6	345.8	746	303.9	384.5	408	396.3	355.7	534.8	167.3	774.5	413.4	581.5	345.2	325.4	466.2	236.9	95.5	304.2	89.6	324	338.5	597.1	253.2	737.4	388	372.5	439.1	384	493.1	625.8	481.4	470.1	477.7	477.5	409.7	407.9	413.5	240.5	635.4	665.9	915.6	1176.6	586.3	708.9	612.3	1035.5	620	510.8	537.1	696.1
428.8	475.7	544.1	507.9	476.1	259.2	420.6	375.6	338.3	242.1	420.1	292	357	118.3	90.8	391.1	430.3	422.1	520.7	0	305.3	221.6	489.4	277.2	326.8	387.2	410.8	708.8	508.8	241.4	461.1	364.6	464.8	524.9	378.4	380	449	506	540.9	583.4	177.8	205.1	478.9	210.2	251.9	277.1	426.9	546.4	159.6	411.2	282.4	379.2	49.1	708.2	218.6	162.4	421.5	402.1	448.8	209.1	160.2	492.6	334	574.4	432.6	282.7	428.4	479	610.8	253.2	276.5	402.6	231.8	548	325.9	379.7	248.5	501.2	294.7	465.4	299.3	299.1	575.6	573.4	448.7	577.6	442.4	421.3	671	841.8	393.3	587.3	433.9	700.7	793.4	669.1	344.1	630.6
202.8	593.4	367.5	683.8	653.8	259	538.3	578.3	204.8	323.9	384	260.8	82.9	240.8	212.2	548.6	236.8	421.9	344.1	268.8	0	98.7	669.6	300.2	210	577.5	613.5	469.2	711.5	422	460.9	554.9	464.6	348.3	288.6	560.2	574.1	259.2	669.5	384.9	368.1	408.5	669.2	174.9	68.4	311.4	250.3	535.5	119.6	613.9	208	442.1	222.2	468.6	109.2	340.1	195.5	559.6	574.3	386.8	119	486.3	486.1	397.8	256	208.3	251.8	478.8	499.4	370.9	310.8	605.3	141.5	533.4	460	441.6	438.8	681.4	483.2	617.5	479.5	479.3	570.6	568.8	574.4	401	632.7	611.6	861.3	1005.9	583.6	767.5	614.1	903.4	546.6	671.7	534.4	810.8
278.6	514.4	451.2	604.8	589	338.9	440.7	600.6	288.5	225.2	291.8	344.5	166.6	291	134.1	469.6	262	505.6	427.8	225	83.7	0	714.4	383.9	293.7	612.2	635.8	494.4	727.2	466.4	544.6	589.6	513.4	383.4	372.3	605	601.5	284.4	696.9	410.1	402.8	430.1	703.9	76.2	30.3	395.1	334	562.9	157.1	636.2	286.8	525.8	185.4	493.8	10.5	275.3	279.2	480.6	601.7	322	157.7	513.7	536.3	425.2	333.9	287.1	335.5	512.3	583.1	275.4	394.5	627.6	49.3	560.8	510.2	525.3	473.5	726.2	519.7	658.4	524.3	524.1	598	596.2	601.8	470.1	667.4	646.3	896	926.9	618.3	812.3	658.9	858.3	571.8	699.1	569.1	855.6
632.8	954.9	582.2	947.8	906.2	473.8	899.8	665.4	558.3	723.3	901.3	512	701.6	463.7	572	860.9	730.5	429.7	546.7	481.2	675.8	680.4	0	468	546.8	490.7	623	788.3	756.2	239.7	437	457.7	387.7	604.9	528.4	114.6	183.6	719.8	146.3	629.6	307.3	394	572	691.4	690.4	467.9	623.9	319.7	537.4	623.4	621.2	255	530.3	787.7	673.1	632.2	625.9	871.9	183.4	678.9	536.8	434.5	195.8	389	592.7	621.5	622.4	379.9	545.5	732.4	467.3	614.8	713	309.3	236.1	255.5	352	31.1	248.4	206.2	179.8	180	238.8	314.2	183.3	485.6	337.4	514.4	714.7	1004.2	287	171.1	204.2	863.1	1003.4	208.7	299.8	158.3
258.5	723.6	329.1	784.3	752.5	83.5	668.5	614.4	168	493.7	664.2	121.7	311.3	276.9	342.4	667.5	493.4	144.9	342.1	358.6	378.3	392.8	472.9	0	156.5	513.9	649.6	538.5	747.6	266.7	183.9	491.3	187.6	354.6	208.1	363.5	385.1	473.6	523.3	413.1	304.5	376.1	605.6	449.3	392.7	123.5	256.6	269.2	249.8	650	241.6	196.1	312	537.9	385.5	438.8	251.2	678.5	385.3	485.5	249.2	215.4	277.8	332.4	262.3	241.9	258.1	201.8	333.6	501.1	122.9	641.4	436.9	270.8	250.7	195.6	375.2	484.7	322.3	368.4	318.6	318.4	481.6	352.4	385.4	407.3	476.3	548	797.7	1080.6	427.2	606.6	453.2	939.5	761.6	582.7	378	614.1
173.5	691.5	280.9	752.2	720.4	92.8	636.4	582.3	83	461.6	605.2	94.6	207	244.8	310.3	635.4	408.4	255.7	265.4	326.5	293.3	318.6	552.7	134	0	523.2	617.5	453.5	715.5	317.2	294.7	500.6	298.4	269.6	112.4	443.3	495.4	388.6	590.8	328.1	313.8	385.4	614.9	385.8	307.7	145.2	171.6	380	217.7	617.9	158.3	275.9	279.9	452.9	311.3	406.7	166.2	646.4	495.6	453.4	217.1	326.2	357.6	319.1	177.3	158.6	173.1	312.6	420.7	469	144.6	609.3	362.7	381.6	330.5	275.4	384.5	564.5	372.8	479.2	369.1	368.9	491.9	463.2	495.7	322.3	526.8	557.3	807	1048.5	477.7	657.1	503.7	907.4	676.6	593	428.5	693.9
616.1	879.6	731.4	845.5	803.9	440.2	825.4	434.4	525.6	648.9	826.9	479.3	665	409.4	497.6	777.3	824.7	561.4	708	406.8	621.5	626.1	496.4	416.5	514.1	0	369.6	896.1	502.8	281.4	600.4	204.3	571.5	712.2	565.7	387	456	831.2	547.9	770.7	229.3	237.7	318.6	617	636.1	416.4	614.2	592.1	483.1	370	566.9	419.2	455.9	895.5	618.8	557.8	608.8	788.3	455.8	604.5	482.5	609	353.2	661.4	619.9	567.2	615.7	554.4	720	658	415.8	361.4	638.6	581.7	365.9	419.7	145.7	508.2	264.3	480.1	306.3	306.1	582.6	588.1	455.7	758	353.3	261	510.7	901.9	304.2	513.6	348.8	760.8	1119.2	660.2	255	600.6
746.4	609.9	861.7	624.4	592.6	570.5	564.2	100.1	655.9	632.2	729.9	609.6	757.3	501.7	589.9	507.6	917	691.7	838.3	499.1	713.8	718.4	612.9	546.8	644.4	363.7	0	1026.4	189.9	411.7	730.7	165.9	701.8	842.5	696	517.3	586.3	939.4	657.9	901	359.6	362.1	179.8	709.3	728.4	546.7	744.5	722.4	575.4	0.4	659.2	549.5	548.2	1025.8	711.1	497.3	739.1	518.6	586.1	450.3	574.8	739.3	483.5	791.7	750.2	659.5	746	684.7	850.3	600.7	546.1	8.1	730.9	712	496.2	550	276	576.6	394.6	610.4	436.6	436.4	712.9	718.4	586	888.3	365.6	122.2	371.9	717.8	364.3	573.7	408.9	576.7	1061.5	720.3	377.1	660.7
281.6	950.9	500.3	1037.9	1032.2	466.5	883.9	917.8	405.5	668.4	728.5	468.3	401.2	580.3	577.3	906.1	355.1	620.4	448.3	662	411.7	443.2	788	507.7	410.7	896.9	953	0	1051	690.9	627.7	874.3	525.2	261.5	489.3	668.2	599.3	238.3	694.7	201.4	687.5	748	988.6	519.4	412.9	518.9	419.8	560.7	531.3	953.4	493.8	648.4	615.4	111.6	453.7	718.5	319.2	917.1	599.5	765.2	530.7	525.5	728.2	423	304	494.1	419.9	524.1	603.6	718.6	518.3	944.8	486	558.6	699.3	648.9	758.2	811.9	746.5	656.2	742.8	742.6	595.8	594	599.6	355	900.5	931	1180.7	1245.4	851.4	895	839.6	1242.9	339	696.9	802.2	882.2
907.3	625.5	1022.6	640	608.2	731.4	579.8	267.2	816.8	647.8	745.5	770.5	934.5	678.9	672.1	523.2	932.8	852.6	999.2	673.5	880.1	796.4	773.8	707.7	805.3	524.6	214.5	1187.3	0	572.6	891.6	342.6	862.7	1003.4	856.9	678.2	747.2	1037.8	818.8	1061.9	520.5	528.9	212.3	750	826.7	707.6	905.4	883.3	741.6	214	836.4	710.4	647.7	1186.7	789.1	512.9	900	534.2	747	465.9	742.2	900.2	644.4	952.6	911.1	836.7	906.9	845.6	1011.2	616.3	707	210.4	813.1	872.9	657.1	710.9	436.9	737.5	555.5	771.3	597.5	597.3	873.8	879.3	746.9	1049.2	526.5	283.1	463.1	726.5	525.2	734.6	569.8	585.4	1077.1	881.2	538	821.6
437.5	721.9	487.2	744.7	712.9	261.6	666.8	425.7	347	490.3	668.3	300.7	486.6	231	339	627.9	646.3	309.3	466.2	248.2	443.1	447.7	248	237.9	335.5	277	419.7	717.5	552.9	0	342	254.4	302	533.6	387.1	138.6	207.6	652.6	299.5	592.1	67.6	154.3	368.7	458.4	457.7	237.8	435.6	343.7	304.7	420.1	388.5	149.7	297.3	716.9	440.4	399.2	430.2	638.9	207.4	445.9	304.1	339.5	92.6	413	441.3	388.8	437.1	284.9	450.5	499.4	237.2	411.5	480	333.3	96.4	150.2	138.3	259.8	61.6	224	57.9	57.7	334.2	332	207.3	509.6	215.6	311.1	560.8	891.9	166.5	345.9	192.5	750.8	940.6	427.7	117.3	389.2
265.9	815	145.2	875.7	843.9	187	759.9	685.6	175.4	585.1	715.7	198.6	318.7	368.3	433.8	758.9	437.3	37.8	193.8	450	385.7	430.4	465.5	215.8	163.9	575.5	718.2	485.5	818.8	311	0	552.9	123.8	276.4	91.4	356.1	321.3	420.6	459.5	334.9	366.1	445.4	667.2	506.6	400.1	227	186.9	205.4	341.2	718.6	313.2	190.6	403.4	484.9	440.9	530.2	255.9	769.9	321.5	576.9	340.6	151.6	270.4	268.6	184.1	313.5	185.4	140.1	269.8	592.5	226.4	710	473.2	207	241.5	191.1	436.8	477.3	342.9	304.6	317.3	317.1	417.8	288.6	321.6	329.1	496.9	609.6	859.3	1151.8	447.8	605.3	451.9	1010.7	708.6	518.9	398.6	606.7
587.4	729.7	702.7	661.6	620	411.5	684	235.2	496.9	620.2	798.2	450.6	636.3	380.7	468.9	627.4	796	532.7	679.3	378.1	592.8	597.4	453.9	387.8	485.4	204.7	170.4	867.4	318.9	252.7	571.7	0	542.8	683.5	537	358.3	427.3	802.5	498.9	742	200.6	209	134.7	588.3	607.4	387.7	585.5	563.4	454.4	170.8	538.2	390.5	427.2	866.8	590.1	529.1	580.1	638.4	427.1	570.1	453.8	580.3	324.5	632.7	591.2	538.5	587	525.7	691.3	629.3	387.1	162.2	609.9	553	337.2	391	117	417.6	235.6	451.4	277.6	277.4	553.9	559.4	427	729.3	206.6	77.1	326.8	718	205.3	414.7	249.9	576.9	1090.5	561.3	218.1	501.7
324.6	894.8	247.7	953.7	921.9	254.7	839.7	669.8	277.9	664.9	774	292.9	377.4	415.6	513.6	836.9	436.2	95.2	182.7	457.2	444.4	488.7	397.8	267.9	266.4	521.1	663.8	518.7	797	256.6	102.5	498.5	0	316.5	193.9	266.4	197.5	425.5	335.7	375	311.7	398.4	612.8	564.9	458.4	267.8	273.8	81.6	421	664.2	412.8	136.2	483.2	518.1	499.2	608.2	311.2	847.9	197.7	654.9	420.4	56	216	150.6	239.4	413.1	272.3	16.3	211	672.3	267.2	655.6	531.5	83.2	187.1	136.7	382.4	409.6	288.5	180.8	262.9	262.7	294	164.8	197.8	236.4	442.5	555.2	804.9	1136	393.4	550.9	397.5	994.9	712.9	395.1	344.2	538.6
206.6	895.1	295.9	956.4	924.6	277.5	822.8	786.5	216.5	607.3	667.4	279.3	309.6	449	514.5	839.6	299.3	411.4	254	530.7	350.6	382.1	574.6	318.7	221.7	707.9	821.7	268.7	919.7	501.9	418.7	685.3	316.2	0	298.2	454.8	385.9	203.8	481.3	120.8	498.5	570.1	799.6	458.3	351.8	329.9	215.4	347.3	421.9	822.1	380	439.4	484.1	268.1	392.6	610.9	183.8	850.6	386.1	657.6	421.3	316.1	519.2	209.6	99.6	380.3	215.5	315.1	409.3	657.5	329.3	813.5	424.9	345.2	490.3	439.9	569.2	598.5	557.5	442.8	534.3	534.5	382.4	380.6	386.2	141.6	711.5	742	991.7	1189.6	662.4	681.6	626.2	1111.6	491.8	483.5	613.2	668.8
174.5	735.9	186.3	796.6	764.8	117.7	680.8	626.7	84	506	624.3	119.5	227.3	289.2	354.7	679.8	409.4	280.6	234.9	370.9	294.3	339	577.6	158.9	72.5	548.1	661.9	454.5	759.9	342.1	319.6	525.5	323.3	270.6	0	468.2	496.4	389.6	591.8	329.1	338.7	410.3	639.8	415.2	308.7	170.1	172.6	404.9	262.1	662.3	225.7	300.8	324.3	453.9	349.5	451.1	167.2	690.8	496.6	497.8	261.5	351.1	382.5	320.1	178.3	226	174.1	337.5	421.7	513.4	169.5	653.7	381.8	406.5	355.4	300.3	409.4	589.4	397.7	504.1	394	393.8	492.9	488.1	496.7	323.3	551.7	582.2	831.9	1092.9	502.6	682	528.6	951.8	677.6	594	453.4	718.8
518.2	854.6	481.9	877.4	845.6	373.5	799.5	565.1	458	623	801	411.7	601.3	363.4	471.7	760.6	615.9	329.4	432.1	380.9	575.5	580.1	131.9	367.7	446.5	390.4	533.1	673.7	666.3	139.4	336.7	367.8	273.1	490.3	428.1	0	69	605.2	160.9	515	207	293.7	482.1	591.1	590.1	367.6	523.2	205.1	437.1	533.5	520.9	154.7	430	673.1	572.8	531.9	511.3	771.6	68.8	578.6	436.5	329.1	95.5	274.4	478.1	521.2	521.7	274.3	445.2	632.1	367	524.9	612.7	194.7	135.8	155.2	251.7	143.7	148.1	105.9	79.5	79.7	195.6	205.6	68.7	371	295.7	424.5	674.2	1031.3	238.1	285.9	171.4	890.2	888.8	289.1	203.8	273.1
449.2	923.5	451.8	946.3	914.5	418.4	868.4	634	464.7	691.9	869.9	456.6	557.8	432.3	540.6	829.5	546.9	299.3	363.1	449.8	567.9	599.4	200.8	431.6	469.9	459.3	602	604.7	735.2	208.3	306.6	436.7	204.1	421.3	398	68.9	0	536.2	138.2	446	275.9	362.6	551	660	569.1	431.5	454.2	136.1	506	602.4	576.5	223.6	498.9	604.1	609.9	600.8	442.3	840.5	0.2	647.5	505.4	260.1	164.4	205.4	409.1	576.8	452.7	205.3	415.1	701	430.9	593.8	642.2	125.7	204.7	224.1	320.6	212.6	217	110.2	148.4	148.6	140.3	136.6	0.3	302	364.6	493.4	743.1	1100.2	307	353.9	240.3	959.1	819.8	233.8	272.7	341.1
228.7	730.3	447.4	817.3	837.6	413.6	684.6	812.4	352.6	490.8	517.9	415.4	317	474.9	399.7	685.5	134.5	559.3	387.2	490.6	234.1	265.6	740.9	454.8	357.8	811.6	847.6	271.8	945.6	638	566.6	789	464.1	229.6	436.4	621.1	552.2	0	647.6	191.4	602.2	642.6	903.3	341.8	235.3	466	366.9	513.6	353.7	848	440.9	587.3	451	271.2	276.1	540.9	250	696.5	552.4	587.6	353.1	464.4	667.1	375.9	251.1	441.2	367	463	542.5	541	465.4	839.4	308.4	511.5	638.2	587.8	672.9	764.8	693.6	609.1	689.9	689.7	548.7	546.9	552.5	325.7	847.6	845.7	1095.4	1024.8	798.5	847.9	792.5	1091.2	310.7	649.8	749.3	835.1
554.7	1014.8	587.1	1000.1	958.5	533.7	959.7	725.3	570.2	783.2	961.2	571.9	663.3	523.6	631.9	920.8	652.4	434.6	468.6	541.1	673.4	704.9	151.7	527.9	575.4	550.6	686.1	710.2	819.3	299.6	441.9	520.8	339.4	526.8	533.3	160.2	135.3	641.7	0	551.5	367.2	453.9	635.1	751.3	674.6	527.8	559.7	271.4	597.3	686.5	681.1	314.9	590.2	709.6	715.4	692.1	547.8	931.8	135.1	738.8	596.7	395.4	255.7	310.9	514.6	681.4	558.2	340.6	550.4	792.3	527.2	677.9	747.7	261	296	315.4	411.9	141.4	308.3	192.5	239.7	239.9	115.1	270.5	135	407.5	400.5	577.5	767	1056.5	350.1	223.4	267.3	915.4	925.3	153.8	362.9	210.6
235.7	906.6	325	985.5	953.7	306.6	839.6	815.6	245.6	624.1	684.2	308.4	338.7	478.1	533	861.8	310.8	465	301.6	559.8	367.4	398.9	628.2	347.8	250.8	737	850.8	260.9	948.8	531	472.3	714.4	369.8	77.8	327.3	508.4	439.5	194	534.9	0	527.6	599.2	828.7	475.1	368.6	359	244.5	400.9	451	851.2	409.1	489.7	513.2	260.3	409.4	640	212.9	872.8	439.7	686.7	450.4	369.7	571.4	263.2	128.7	409.4	244.6	368.7	456.9	674.3	358.4	842.6	441.7	398.8	543.9	489.2	598.3	652.1	586.6	496.4	582.9	582.7	436	434.2	439.8	195.2	740.6	771.1	1020.8	1201.1	691.5	735.2	679.8	1140.7	456	537.1	642.3	722.4
430.8	695.2	546.1	718	686.2	254.9	640.1	399	340.3	463.6	641.6	294	479.7	224.1	312.3	601.2	639.4	376.1	522.7	221.5	436.2	440.8	336.9	231.2	328.8	209.4	352.1	710.8	485.3	88.9	415.1	186.8	379	526.9	380.4	227.5	296.5	645.9	388.4	585.4	0	127.6	301.1	431.7	450.8	231.1	428.9	432.6	297.8	352.5	381.6	226.7	270.6	710.2	433.5	372.5	423.5	612.2	296.3	419.2	297.2	416.5	181.5	501.9	434.6	381.9	430.4	361.9	527.5	472.7	230.5	343.9	453.3	422.2	173.4	227.2	70.7	348.7	116.9	312.9	146.8	146.6	423.1	420.9	296.2	579.6	264.6	243.5	493.2	865.2	215.5	424.9	260.1	724.1	933.9	516.6	166.3	478.1
444.1	654.6	559.4	677.4	645.6	268.2	599.5	319.1	353.6	423	601	307.3	439.1	183.5	271.7	560.6	598.8	389.4	536	180.9	395.6	400.2	363.3	244.5	342.1	240.1	354.3	724.1	452.3	115.3	428.4	217.5	405.4	540.2	393.7	253.9	322.9	621.2	414.8	598.7	51.7	0	331.8	391.1	410.2	244.4	442.2	459	257.2	354.7	341	253.1	230	723.5	392.9	331.9	436.8	571.6	322.7	378.6	256.6	442.9	207.9	528.3	447.9	341.3	443.7	388.3	553.9	432.1	243.8	346.1	412.7	448.6	199.8	253.6	101.4	375.1	168.6	339.3	173.2	173	449.5	447.3	322.6	592.9	289.2	274.2	523.9	785.3	240.1	449.5	284.7	644.2	908.6	543	190.9	504.5
701.1	601.1	816.4	615.6	575.7	525.2	555.4	257.6	610.6	623.4	721.1	564.3	750	494.4	582.6	498.8	908.4	646.4	793	491.8	706.5	711.1	567.6	501.5	599.1	318.4	192.8	981.1	253.5	366.4	685.4	136.4	656.5	797.2	650.7	472	541	916.2	612.6	855.7	314.3	322.7	0	702	721.1	501.4	699.2	677.1	568.1	193.2	651.9	504.2	540.9	980.5	703.8	488.5	693.8	509.8	540.8	441.5	567.5	694	438.2	746.4	704.9	652.2	700.7	639.4	805	591.9	500.8	184.6	723.6	666.7	450.9	504.7	230.7	531.3	349.3	565.1	391.3	391.1	667.6	673.1	540.7	843	320.3	76.9	296.7	673.7	319	528.4	363.6	532.6	1052.7	675	331.8	615.4
354.8	438.2	527.4	528.6	533.6	384.4	364.5	582.6	364.7	149	253	391.1	242.8	325.3	116.1	393.4	291.7	552.2	504	207	159.9	76.2	696.4	430.5	369.9	594.2	617.8	570.6	671.8	448.4	591.2	571.6	589.6	459.6	448.5	587	656	360.6	747.9	486.3	384.8	412.1	685.9	0	106.5	441.7	410.2	639.1	202.6	618.2	347.6	572.4	167.4	570	81	219.9	355.4	404.4	655.8	266.6	203.2	589.9	541	501.4	410.1	347.9	411.7	588.5	659.3	203.6	441.1	609.6	93.2	637	532.9	571.9	455.5	708.2	501.7	672.4	506.3	506.1	674.2	672.4	655.7	546.3	649.4	628.3	878	850.7	600.3	794.3	640.9	802.9	648	775.3	551.1	837.6
248.3	544.7	420.9	635.1	619.3	312.4	471	624.2	258.2	255.5	322.1	314.2	136.3	286.7	164.4	499.9	231.7	475.3	397.5	255.3	53.4	30.3	715.5	353.6	263.4	623.4	659.4	464.1	757.4	467.9	514.3	600.8	483.1	353.1	342	606.1	571.2	254.1	666.6	379.8	414	454.4	715.1	106.5	0	364.8	303.7	532.6	165.5	659.8	261.4	495.5	215.7	463.5	40.8	305.6	248.9	510.9	571.4	352.3	164.9	483.4	532	394.9	303.6	261.7	305.2	482	552.8	305.7	364.2	651.2	79.6	530.5	505.9	495	484.7	727.3	529.1	628.1	525.4	525.2	567.7	565.9	571.5	439.8	678.6	657.5	907.2	957.2	629.5	813.4	660	888.6	541.5	668.8	580.3	854.1
258.6	723.7	329.2	784.4	752.6	83.6	668.6	614.5	168.1	493.8	664.3	121.8	311.4	277	342.5	667.6	493.5	145	342.2	358.7	378.4	392.9	473	0.1	156.6	514	649.7	538.6	747.7	266.8	184	491.4	187.7	354.7	208.2	363.6	385.2	473.7	523.4	413.2	304.6	376.2	605.7	449.4	392.8	0	256.7	269.3	249.9	650.1	241.7	196.2	312.1	538	385.6	438.9	251.3	678.6	385.4	485.6	249.3	215.5	277.9	332.5	262.4	242	258.2	201.9	333.7	501.2	123	641.5	437	270.9	250.8	195.7	375.3	484.8	322.4	368.5	318.7	318.5	481.7	352.5	385.5	407.4	476.4	548.1	797.8	1080.7	427.3	606.7	453.3	939.6	761.7	582.8	378.1	614.2
168.8	807.7	197.8	868.4	836.6	189.5	752.6	698.5	128.5	558.5	618.6	191.3	221.6	361	426.5	751.6	376.5	352.4	211.4	442.7	288.6	333.3	630.1	230.7	133.7	619.9	733.7	424.7	831.7	413.9	391.4	597.3	353.3	215.6	194.1	510.3	441.4	359.8	536.8	274.1	410.5	482.1	711.6	409.5	303	241.9	0	402.8	333.9	734.1	292	372.6	396.1	424.1	343.8	522.9	161.5	762.6	441.6	569.6	333.3	353.6	454.3	265.1	123.3	292.3	1.5	352.2	366.7	585.2	241.3	725.5	376.1	400.7	427.2	372.1	481.2	654	469.5	498.3	465.8	465.6	437.9	436.1	441.7	268.3	623.5	654	903.7	1164.7	574.4	737.1	600.4	1023.6	647.8	539	525.2	724.3
415.2	958.1	351.4	1017	985.2	318	903	733.1	381.6	728.2	850.7	356.2	481.1	478.9	576.9	900.2	512.9	198.9	286.4	520.5	533.9	565.4	316.2	331.2	370.1	574.7	717.4	570.7	850.6	312.4	206.2	552.1	103.7	387.3	297.6	184.8	115.9	502.2	254.1	412	375	461.7	666.4	641.6	535.1	331.1	377.5	0	484.3	717.8	476.1	199.5	546.5	570.1	575.9	671.5	408.3	911.2	116.1	718.2	483.7	159.7	234.9	171.4	343.1	476.4	376	104.9	314.7	735.6	330.5	709.2	608.2	1.6	250.4	200	436	328	332.4	99.2	263.8	264	212.4	83.2	116.2	268	480	608.8	858.5	1199.3	422.4	469.8	355.7	1058.2	785.8	313.5	388.1	457
320.1	473.8	440.6	564.2	534.2	181.8	418.7	471.4	234.8	243.9	414.4	188.5	200.2	133.9	92.6	429	359.9	349.6	417.2	157.3	156.7	150.6	562.7	227.9	223.3	470.6	506.6	592.3	604.6	315.1	388.6	448	392.3	421.4	274.9	453.3	522.3	382.3	614.2	479.9	261.2	301.6	562.3	199.5	171.3	239.1	323.4	473.9	0	507	154.5	369.8	110.7	591.7	143.3	220.5	312.8	440	522.1	267.2	0.6	420.1	379.2	470.9	329.1	154.8	324.9	406.5	538.3	251.3	238.5	498.4	194.7	475.5	353.1	369.3	331.9	574.5	376.3	510.6	372.6	372.4	643.7	557.1	522	474.1	525.8	504.7	754.4	886.3	476.7	660.6	507.2	796.5	669.7	742.4	427.5	703.9
746.9	610.4	862.2	624.9	593.1	571	564.7	100.6	656.4	632.7	730.4	610.1	757.8	502.2	590.4	508.1	917.5	692.2	838.8	499.6	714.3	718.9	613.4	547.3	644.9	364.2	0.5	1026.9	189.5	412.2	731.2	166.4	702.3	843	696.5	517.8	586.8	939.9	658.4	901.5	360.1	362.6	180.3	709.8	728.9	547.2	745	722.9	575.9	0	659.7	550	548.7	1026.3	711.6	497.8	739.6	519.1	586.6	450.8	575.3	739.8	484	792.2	750.7	660	746.5	685.2	850.8	601.2	546.6	8.6	731.4	712.5	496.7	550.5	276.5	577.1	395.1	610.9	437.1	436.9	713.4	718.9	586.5	888.8	366.1	122.7	372.4	718.3	364.8	574.2	409.4	577.2	1062	720.8	377.6	661.2
261.1	686.5	418.1	776.9	746.9	186.7	631.4	628.5	220.8	456.6	564.6	188.5	166.4	291	305.3	641.7	450.5	349.6	402.4	360.9	264.6	278	646.6	227.9	188	617.1	663.7	541.1	761.7	411.1	388.6	594.5	392.3	406.6	249.6	537.2	589.8	472.9	698.1	456.8	407.7	458.7	708.8	345.2	279.2	239.1	308.6	473.9	212.7	664.1	0	369.8	314.3	540.5	270.7	433.2	253.8	652.7	590	479.9	212.1	420.1	451.5	456.1	314.3	0.3	310.1	406.5	538.3	464	238.5	655.5	322.1	475.5	424.4	369.3	478.4	658.4	466.7	573.1	463	462.8	628.9	557.1	590.1	459.3	620.7	651.2	900.9	1094.7	571.6	751	597.6	953.6	760.3	730	522.4	787.8
393.8	802.9	352	825.7	793.9	218.8	747.8	541.8	303.3	571.3	749.3	257	446.6	311.7	420	708.9	584.5	199.5	331	329.2	513.6	528.1	283.1	213	291.8	393.1	535.8	667	669	128.6	206.8	370.5	166.8	464.8	298.2	173.7	242.7	573.8	334.6	523.3	183.7	270.4	484.8	539.4	528	212.9	391.9	232.1	385.1	536.2	376.9	0	378.3	666.4	520.8	480.2	386.5	719.9	242.5	526.9	384.5	204.3	88	296.2	387.7	377.2	392.2	149.7	315.3	580.4	212.3	527.6	561	233.7	59.1	0.5	254.4	294.9	160.5	219.4	134.9	134.7	369.3	315.3	242.4	382	314.5	427.2	676.9	1008	265.4	422.9	269.5	866.9	861.2	462.8	216.2	424.3
385.6	439.2	500.9	472.3	440.5	242.1	384.1	421.5	295.1	205.6	383.6	248.8	313.8	164.2	54.3	355.5	393.8	409.9	477.5	45.9	268.8	185.1	535.3	288.2	283.6	433.1	456.7	665.6	554.7	287.3	448.9	410.5	452.6	481.7	335.2	425.9	494.9	469.5	586.8	540.2	223.7	251	524.8	173.7	215.4	299.4	383.7	534.2	116.4	457.1	239.2	425.1	0	665	182.1	126.8	378.3	366.5	494.7	173.5	117	480.4	379.9	531.2	389.4	239.5	385.2	466.8	598.6	216.7	298.8	448.5	195.3	535.8	371.8	425.6	294.4	547.1	340.6	511.3	345.2	345	621.5	617.4	494.6	534.4	488.3	467.2	716.9	812.8	439.2	633.2	479.8	709.8	756.9	715	390	676.5
282.2	951.5	500.9	1038.5	1032.8	467.1	884.5	918.4	406.1	669	729.1	468.9	401.8	580.9	577.9	906.7	355.7	621	448.9	662.6	412.3	443.8	788.6	508.3	411.3	897.5	953.6	0.6	1051.6	691.5	628.3	874.9	525.8	262.1	489.9	668.8	599.9	238.9	695.3	202	688.1	748.6	989.2	520	413.5	519.5	420.4	561.3	531.9	954	494.4	649	616	0	454.3	719.1	319.8	917.7	600.1	765.8	531.3	526.1	728.8	423.6	304.6	494.7	420.5	524.7	604.2	719.2	518.9	945.4	486.6	559.2	699.9	649.5	758.8	812.5	747.1	656.8	743.4	743.2	596.4	594.6	600.2	355.6	901.1	931.6	1181.3	1246	852	895.6	840.2	1243.5	339.6	697.5	802.8	882.8
285.9	518.1	458.5	608.5	578.5	328.4	448.7	593.7	295.8	233.2	293.9	335.1	173.9	280.5	136.9	473.3	269.3	496.2	435.1	218.1	91	7.3	707.5	374.5	301	605.3	628.9	501.7	716.7	459.5	535.2	582.7	520.7	390.7	379.6	598.1	608.8	291.7	704.2	417.4	395.9	423.2	697	84.2	37.6	385.7	341.3	570.2	146.6	629.3	276.3	516.4	178.5	501.1	0	264.8	286.5	484.3	609	311.5	147.2	521	525.8	432.5	341.2	276.6	342.8	519.6	590.4	279.9	385.1	620.7	51.4	568.1	499.7	515.9	466.6	719.3	512.8	657.2	517.4	517.2	605.3	603.5	609.1	477.4	660.5	639.4	889.1	930.6	611.4	805.4	652	847.8	579.1	706.4	562.2	848.7
520.4	347.5	635.7	345.5	313.7	376.9	301.8	469.3	429.9	188.2	426.6	383.6	435	265.4	165.3	228.7	504.8	544.7	612.3	160.6	373.3	289.6	636.5	423	418.4	534.3	526.8	784	451.9	388.5	583.7	511.7	587.4	616.5	470	527.1	596.1	574	688	675	324.9	352.2	508.5	241.5	319.9	424.2	518.5	669	234.8	526.3	374	526.3	134.8	783.4	282.3	0	513.1	239.7	595.9	46.7	235.4	615.2	481.1	666	524.2	374.3	520	601.6	733.4	137.9	423.6	522.7	306.3	670.6	473	526.8	395.6	648.3	441.8	612.5	446.4	446.2	722.7	720.5	595.8	669.2	589.5	568.4	663.8	686	540.4	734.4	581	583	799.1	816.2	491.2	777.7
35.5	830.8	289.1	898.5	866.7	270.7	763.6	728.6	209.7	548.1	608.2	272.5	212	391.1	449.6	781.7	270.4	433.6	265.7	472.8	279	322.9	628.8	311.9	214.9	701.1	763.8	315.5	861.8	495.1	454.5	678.5	352	191.4	291.4	509	440.1	250.6	535.5	231.2	491.7	558.8	792.8	399.1	292.6	323.1	208.6	401.5	357	764.2	304.6	453.8	426.2	314.9	333.4	553	0	792.7	440.3	599.7	356.4	352.3	535.5	263.8	94.1	304.9	208.7	350.9	421	598.3	322.5	755.6	365.7	399.4	508.4	453.3	562.4	652.7	550.7	497	547	546.8	436.6	434.8	440.4	278.1	704.7	735.2	984.9	1160.7	655.6	735.8	680.4	1053.7	538.6	537.7	606.4	723
737.1	163.8	857.6	144.7	193.3	598.8	186.3	467.8	651.8	273.6	398.5	605.5	617.2	499	347.5	7.7	585.8	766.6	834.2	394.2	548.4	464.7	870.1	644.9	640.3	758.6	525.3	909.8	450.4	622.1	805.6	643.4	809.3	838.4	691.9	760.7	829.7	690.8	921.6	859.5	558.5	585.8	507	388.5	495	656.1	740.4	890.9	417	524.8	571.5	759.9	368.4	909.2	464.5	233.6	729.8	0	829.5	186.6	417.6	837.1	714.7	887.9	746.1	571.8	741.9	823.5	955.3	272.6	655.5	521.2	481.7	892.5	706.6	760.4	619.9	881.9	675.4	846.1	680	679.8	956.3	954.1	829.4	891.1	807.7	583.9	662.3	466.8	758.6	968	803.2	581.5	730.1	1049.8	709.4	993.9
449.4	923.3	452	946.1	914.3	418.6	868.2	633.8	464.9	691.7	869.7	456.8	558	432.1	540.4	829.3	547.1	299.5	363.3	449.6	568.1	599.6	200.6	431.8	470.1	459.1	601.8	604.9	735	208.1	306.8	436.5	204.3	421.5	398.2	68.7	0.2	536.4	138	446.2	275.7	362.4	550.8	659.8	569.3	431.7	454.4	136.3	505.8	602.2	576.7	223.4	498.7	604.3	610.1	600.6	442.5	840.3	0	647.3	505.2	260.3	164.2	205.6	409.3	577	452.9	205.5	415.3	700.8	431.1	593.6	642.4	125.9	204.5	223.9	320.4	212.4	216.8	110	148.2	148.4	140.1	136.8	0.1	302.2	364.4	493.2	742.9	1100	306.8	353.7	240.1	958.9	820	233.6	272.5	340.9
567.4	300.8	682.7	298.8	267	423.9	255.1	422.6	476.9	219.5	420.8	430.6	478.4	312.4	208.7	182	548.2	591.7	659.3	207.6	416.7	333	683.5	470	465.4	581.3	480.1	827.4	405.2	435.5	630.7	558.7	634.4	663.5	517	574.1	643.1	617.4	735	722	371.9	399.2	461.8	286.6	363.3	471.2	565.5	716	278.2	479.6	421	573.3	181.8	826.8	325.7	47	560.1	193	642.9	0	278.8	662.2	528.1	713	571.2	421.3	567	648.6	780.4	152.9	470.6	476	349.7	717.6	520	573.8	442.6	695.3	488.8	659.5	493.4	493.2	769.7	767.5	642.8	716.2	636.5	538.7	617.1	639.3	587.4	781.4	628	536.3	752.4	863.2	538.2	824.7
319.5	474.4	440	564.8	534.8	181.2	419.3	470.8	234.2	244.5	415	187.9	199.6	133.3	93.2	429.6	359.3	349	416.6	157.9	156.1	151.2	562.1	227.3	222.7	470	506	591.7	604	314.5	388	447.4	391.7	420.8	274.3	452.7	521.7	381.7	613.6	479.3	260.6	301	561.7	200.1	170.7	238.5	322.8	473.3	0.6	506.4	153.9	369.2	111.3	591.1	143.9	221.1	312.2	440.6	521.5	267.8	0	419.5	378.6	470.3	328.5	154.2	324.3	405.9	537.7	251.9	237.9	497.8	195.3	474.9	352.5	368.7	331.3	573.9	375.7	510	372	371.8	643.1	556.5	521.4	473.5	525.2	504.1	753.8	886.9	476.1	660	506.6	795.9	669.1	741.8	426.9	703.3
307.9	926.7	277.1	987.4	955.6	286.6	871.6	721	267.6	696.8	757.3	324.8	360.7	466.2	545.5	870.6	419.5	124.6	166	508.4	427.7	472	454.4	315.4	272.8	572.3	715	502	848.2	307.8	131.9	549.7	56.6	299.8	223.3	323	254.1	408.8	392.3	358.3	362.9	449.6	664	548.2	441.7	318.4	257.1	138.2	452.9	715.4	431.1	187.4	515.1	501.4	482.5	641.9	294.5	881.6	254.3	688.6	452.3	0	267.2	147.3	222.7	431.4	255.6	63.1	228	704.2	317.8	706.8	514.8	139.8	238.3	187.9	433.6	466.2	339.7	237.4	314.1	313.9	320.1	221.4	254.4	233.1	493.7	606.4	856.1	1187.2	444.6	602.1	448.7	1046.1	696.2	421.2	395.4	595.2
489.9	791.5	433.6	814.3	782.5	314.9	736.4	518.9	399.4	559.9	737.9	353.1	542.7	300.3	408.6	697.5	666.1	281.1	412.6	317.8	512.4	517	203.6	307.2	387.9	357.5	500.2	748.6	633.4	93.2	288.4	334.9	248.4	546.4	379.8	94.2	163.2	655.4	255.1	604.9	160.8	247.5	449.2	528	527	307.1	475.3	262.8	374	500.6	457.8	96.1	366.9	748	509.7	468.8	482.6	708.5	163	515.5	373.4	285.9	0	368.6	469.3	458.1	473.8	231.3	396.9	569	306.5	492	549.6	252.4	56	96.6	218.8	215.4	115.2	139.9	84.3	84.1	289.8	247.9	162.9	463.6	269.2	391.6	641.3	985.1	220.1	357.6	218.3	844	942.8	383.3	170.9	344.8
315.3	979.9	371.5	1070.3	1038.9	391.8	906.2	810.3	330.8	690.7	750.8	393.6	423.9	563.3	599.6	935.1	413	268.9	229.2	607.5	434	465.5	377.1	418.2	336	635.6	778.3	470.8	911.5	384.6	276.2	613	173.7	287.4	367.6	245.2	176.3	402.3	314.5	312.1	452.2	538.9	727.3	541.7	435.2	418.1	320.3	137.7	536.2	778.7	494.3	286.5	598.4	470.2	476	725.2	308.4	946.1	176.5	771.9	535.6	177.6	340.7	0	275.2	494.6	318.8	174.9	384.5	740.9	417.5	770.1	508.3	135.6	337.4	287	496.9	388.9	393.3	233.2	324.7	324.9	223.7	171	176.6	168.1	540.9	669.7	919.4	1276.5	483.3	522.9	416.6	1135.4	685.9	324.8	449	510.1
117.1	808.9	209.1	869.6	837.8	190.7	753.8	699.7	129.7	559.7	619.8	192.5	222.8	362.2	427.7	752.8	301.4	353.6	185.7	443.9	289.8	334.5	604.4	231.9	134.9	621.1	734.9	331	832.9	415.1	392.6	598.5	327.6	121.9	211.4	484.6	415.7	266.1	511.1	180.4	411.7	483.3	712.8	410.7	304.2	243.1	128.6	377.1	335.1	735.3	293.2	373.8	397.3	330.4	345	524.1	95	763.8	415.9	570.8	334.5	327.9	455.5	239.4	0	293.5	128.7	326.5	341	586.4	242.5	726.7	377.3	375	428.4	373.3	482.4	628.3	470.7	472.6	467	466.8	412.2	410.4	416	208.6	624.7	655.2	904.9	1165.9	575.6	711.4	601.6	1024.8	554.1	513.3	526.4	698.6
261.4	686.8	418.4	777.2	747.2	187	631.7	628.8	221.1	456.9	564.9	188.8	166.7	291.3	305.6	642	450.8	349.9	402.7	361.2	264.9	278.3	646.9	228.2	188.3	617.4	664	541.4	762	411.4	388.9	594.8	392.6	406.9	249.9	537.5	590.1	473.2	698.4	457.1	408	459	709.1	345.5	279.5	239.4	308.9	474.2	213	664.4	0.3	370.1	314.6	540.8	271	433.5	254.1	653	590.3	480.2	212.4	420.4	451.8	456.4	314.6	0	310.4	406.8	538.6	464.3	238.8	655.8	322.4	475.8	424.7	369.6	478.7	658.7	467	573.4	463.3	463.1	629.2	557.4	590.4	459.6	621	651.5	901.2	1095	571.9	751.3	597.9	953.9	760.6	730.3	522.7	788.1
170.3	809.2	196.3	869.9	838.1	191	754.1	700	130	560	620.1	192.8	223.1	362.5	428	753.1	378	353.9	212.9	444.2	290.1	334.8	631.6	232.2	135.2	621.4	735.2	426.2	833.2	415.4	392.9	598.8	354.8	217.1	192.6	511.8	442.9	361.3	538.3	275.6	412	483.6	713.1	411	304.5	243.4	1.5	404.3	335.4	735.6	293.5	374.1	397.6	425.6	345.3	524.4	163	764.1	443.1	571.1	334.8	355.1	455.8	266.6	124.8	293.8	0	353.7	368.2	586.7	242.8	727	377.6	402.2	428.7	373.6	482.7	655.5	471	499.8	467.3	467.1	439.4	437.6	443.2	269.8	625	655.5	905.2	1166.2	575.9	738.6	601.9	1025.1	649.3	540.5	526.7	725.8
341.7	900.2	264.8	959.1	927.3	260.1	845.1	675.2	295	670.3	791.1	298.3	394.5	421	519	842.3	453.3	112.3	199.8	462.6	461.5	505.8	398.6	273.3	283.5	526.5	669.2	535	802.4	262	119.6	503.9	17.1	333.6	211	267.2	198.3	442.6	336.5	376.3	317.1	403.8	618.2	582	475.5	273.2	290.9	82.4	426.4	669.6	418.2	141.6	488.6	534.4	516.3	613.6	328.3	853.3	198.5	660.3	425.8	73.1	221.4	146.5	256.5	418.5	289.4	0	228.1	677.7	272.6	661	548.6	84	192.5	142.1	387.8	410.4	293.9	181.6	268.3	268.1	294.8	165.6	198.6	232.3	447.9	560.6	810.3	1141.4	398.8	552.2	402.9	1000.3	730	395.9	349.6	539.4
353.6	965.8	296	1026.5	994.7	334.2	910.7	796.1	313.3	735.9	803	349.4	406.4	514.4	584.6	909.7	465.2	136.5	211.7	568.5	473.4	517.7	564.2	363	314.7	674.2	816.9	547.7	929.3	409.7	150.8	651.6	222.5	345.5	242.2	454.8	409	454.5	504.4	404	464.8	551.5	765.9	593.9	487.4	366.6	302.8	304.1	492	817.3	464	289.3	554.2	547.1	528.2	681	340.2	920.7	409.2	727.7	491.4	250.3	369.1	232.7	268.4	464.3	301.3	238.8	0	743.3	366	808.7	560.5	305.7	340.2	289.8	535.5	576	441.6	403.3	416	415.8	405.5	387.3	409.3	325.6	595.6	708.3	958	1262.3	546.5	704	550.6	1121.2	741.9	506.6	497.3	691.9
553.4	317	694.7	407.4	410.5	435.9	261.9	566.1	488.9	130	334.5	442.6	441.4	369.7	173	272.2	483.5	603.7	671.3	254	358.5	274.8	740.8	482	477.4	638.6	623.6	769.2	548.7	492.8	642.7	616	646.4	658.2	529	631.4	700.4	559.2	792.3	684.9	429.2	456.5	605.3	207.9	305.1	493.2	577.5	728	254.1	623.1	408.6	623.9	214.4	768.6	279.6	136.8	554	283.2	700.2	148.9	254.7	674.2	585.4	700	583.2	408.9	579	660.6	792.4	0	492.6	619.5	285	729.6	577.3	623.4	499.9	752.6	546.1	716.8	550.7	550.5	827	811.2	700.1	728.2	693.8	672.7	760.6	729.5	644.7	838.7	685.3	679.8	798.5	920.5	595.5	882
259.2	724.3	329.8	785	753.2	84.2	669.2	615.1	168.7	494.4	664.9	122.4	312	277.6	343.1	668.2	494.1	145.6	342.8	359.3	379	393.5	473.6	0.7	157.2	514.6	650.3	539.2	748.3	267.4	184.6	492	188.3	355.3	208.8	364.2	385.8	474.3	524	413.8	305.2	376.8	606.3	450	393.4	0.6	257.3	269.9	250.5	650.7	242.3	196.8	312.7	538.6	386.2	439.5	251.9	679.2	386	486.2	249.9	216.1	278.5	333.1	263	242.6	258.8	202.5	334.3	501.8	0	642.1	437.6	271.5	251.4	196.3	375.9	485.4	323	369.1	319.3	319.1	482.3	353.1	386.1	408	477	548.7	798.4	1081.3	427.9	607.3	453.9	940.2	762.3	583.4	378.7	614.8
738.3	601.8	853.6	616.3	584.5	562.4	556.1	92	647.8	624.1	721.8	601.5	749.2	493.6	581.8	499.5	908.9	683.6	830.2	491	705.7	710.3	604.8	538.7	636.3	355.6	8.2	1018.3	190.4	403.6	722.6	157.8	693.7	834.4	687.9	509.2	578.2	931.3	649.8	892.9	351.5	354	171.7	701.2	720.3	538.6	736.4	714.3	567.3	8.6	651.1	541.4	540.1	1017.7	703	489.2	731	510.5	578	442.2	566.7	731.2	475.4	783.6	742.1	651.4	737.9	676.6	842.2	592.6	538	0	722.8	703.9	488.1	541.9	267.9	568.5	386.5	602.3	428.5	428.3	704.8	710.3	577.9	880.2	357.5	114.1	363.8	709.7	356.2	565.6	400.8	568.6	1053.4	712.2	369	652.6
350	523.1	522.6	613.5	596.9	405.9	449.4	602.4	359.9	233.9	242.5	412.6	238	345.1	135.9	478.3	225.2	573.7	499.2	226.8	155.1	99.5	716.2	452	365.1	614	637.6	565.8	735.1	468.2	612.7	591.4	584.8	454.8	443.7	606.8	672.9	330.2	767.7	481.5	404.6	431.9	705.7	84.9	106.1	463.2	405.4	634.3	224.1	638	363.1	593.9	187.2	565.2	98.9	283.2	350.6	489.3	673.1	329.9	224.7	585.1	560.8	496.6	405.3	363.4	406.9	583.7	654.5	277.2	462.6	629.4	0	632.2	552.7	593.4	475.3	728	521.5	692.2	526.1	525.9	669.4	667.6	673.2	541.5	669.2	648.1	897.8	924.2	620.1	814.1	660.7	866.2	617.6	770.5	570.9	857.4
413.6	956.5	349.8	1015.4	983.6	316.4	901.4	731.5	380	726.6	849.1	354.6	479.5	477.3	575.3	898.6	511.3	197.3	284.8	518.9	532.3	563.8	314.6	329.6	368.5	573.1	715.8	569.1	849	310.8	204.6	550.5	102.1	385.7	296	183.2	114.3	500.6	252.5	410.4	373.4	460.1	664.8	640	533.5	329.5	375.9	34.1	482.7	716.2	474.5	197.9	544.9	568.5	574.3	669.9	406.7	909.6	114.5	716.6	482.1	158.1	233.3	169.8	341.5	474.8	374.4	103.3	313.1	734	328.9	707.6	606.6	0	248.8	198.4	434.4	326.4	330.8	97.6	262.2	262.4	210.8	81.6	114.6	266.4	478.4	607.2	856.9	1197.7	420.8	468.2	354.1	1056.6	784.2	311.9	386.5	455.4
464.2	768	407.9	790.8	759	289.2	712.9	506.9	373.7	536.4	714.4	327.4	517	276.8	385.1	674	640.4	255.4	386.9	294.3	488.9	493.5	254.9	283.4	362.2	358.2	500.9	722.9	634.1	93.7	262.7	335.6	222.7	520.7	354.1	145.5	214.5	629.7	306.4	579.2	148.8	235.5	449.9	504.5	503.5	283.3	449.6	288	350.5	501.3	434.3	70.4	343.4	722.3	486.2	445.3	456.9	685	214.3	492	349.9	260.2	59.8	352.1	443.6	434.6	448.1	205.6	371.2	545.5	282.7	492.7	526.1	289.6	0	70.9	219.5	266.7	129.1	191.2	103.5	103.3	341.1	299.2	214.2	437.9	283.1	392.3	642	973.1	234	391.5	238.1	832	917.1	434.6	184.8	396.1
393.3	803.4	352.5	826.2	794.4	218.3	748.3	542.3	302.8	571.8	749.8	256.5	446.1	312.2	420.5	709.4	585	200	331.5	329.7	513.1	527.6	283.6	212.5	291.3	393.6	536.3	667.5	669.5	129.1	207.3	371	167.3	465.3	298.7	174.2	243.2	574.3	335.1	523.8	184.2	270.9	485.3	539.9	527.5	212.4	391.4	232.6	384.6	536.7	376.4	0.5	378.8	666.9	520.3	480.7	386	720.4	243	527.4	384	204.8	88.5	296.7	388.2	376.7	392.7	150.2	315.8	580.9	211.8	528.1	561.5	234.2	59.6	0	254.9	295.4	161	219.9	135.4	135.2	369.8	315.8	242.9	382.5	315	427.7	677.4	1008.5	265.9	423.4	270	867.4	861.7	463.3	216.7	424.8
470.4	733.9	585.7	748.4	715.7	294.5	679.7	346.2	379.9	503.2	681.2	333.6	519.3	263.7	351.9	631.6	679	415.7	562.3	261.1	475.8	480.4	350.7	270.8	368.4	138.7	281.4	750.4	414.6	135.7	454.7	116.1	425.8	566.5	420	241.3	310.3	685.5	402.2	625	83.6	92	230.4	471.3	490.4	270.7	468.5	446.4	337.4	281.8	421.2	273.5	310.2	749.8	473.1	412.1	463.1	642.6	310.1	458.8	336.8	463.3	207.5	515.7	474.2	421.5	470	408.7	574.3	512.3	270.1	273.2	492.9	436	220.2	274	0	362.5	118.6	334.4	160.6	160.4	436.9	442.4	310	612.3	207.6	172.8	422.5	813.7	158.5	367.9	203.1	672.6	973.5	514.5	109.3	454.9
642.7	964.8	592.1	936.5	894.9	483.7	909.7	656.7	568.2	733.2	911.2	521.9	711.5	473.6	581.9	870.8	740.4	439.6	556.6	491.1	685.7	690.3	37.4	477.9	556.7	500.6	591.9	798.2	725.1	249.6	446.9	426.6	397.6	614.8	538.3	124.5	193.5	729.7	135	639.5	317.2	403.9	540.9	701.3	700.3	477.8	633.8	329.6	547.3	592.3	631.1	264.9	540.2	797.6	683	642.1	635.8	881.8	193.3	688.8	546.7	444.4	205.7	398.9	602.6	631.4	632.3	389.8	555.4	742.3	477.2	583.7	722.9	319.2	246	265.4	361.9	0	258.3	216.1	189.7	189.9	227.5	324.1	193.2	495.5	306.3	483.3	703.4	992.9	255.9	159.8	173.1	851.8	1013.3	197.4	268.7	147
520.3	784.7	547.8	807.5	775.7	344.4	729.6	467.9	429.8	553.1	731.1	383.5	569.2	313.6	401.8	690.7	728.9	395.3	526.8	311	525.7	530.3	287	320.7	418.3	260.4	403.1	800.3	536.3	108.5	402.6	237.8	362.6	616.4	469.9	177.6	246.6	735.4	338.5	674.9	133.5	188.1	352.1	521.2	540.3	320.6	518.4	382.7	387.3	403.5	471.1	210.3	360.1	799.7	523	462	513	701.7	246.4	508.7	386.7	400.1	143.8	452	524.1	471.4	519.9	345.5	511.1	562.2	320	394.9	542.8	372.3	157	210.8	121.7	298.8	0	270.7	96.9	96.7	373.2	378.7	246.3	548.6	202.9	294.5	544.2	935.4	153.8	363.2	198.4	794.3	1023.4	466.7	104.6	428.2
489.1	1028.3	473.9	1051.1	1019.3	440.5	973.2	738.8	504.1	796.7	924.6	478.7	597.7	537.1	645.4	934.3	586.8	321.4	403	554.6	607.8	639.3	305.6	453.7	492.6	564.1	706.8	644.6	840	313.1	328.7	541.5	226.2	461.2	420.1	173.7	104.8	576.1	243	485.9	380.7	467.4	655.8	715.5	609	453.6	494.1	158.2	606.8	707.2	598.6	313.1	603.7	644	649.8	705.6	482.2	945.3	105	752.3	606.2	282.2	253.9	245.3	449	598.9	492.6	227.4	437.2	805.8	453	698.6	682.1	147.8	294.2	313.6	425.4	317.4	321.8	0	253.2	253.4	245.1	108	105.1	341.9	469.4	598.2	847.9	1205	411.8	458.7	345.1	1063.9	859.7	338.6	377.5	445.9
490.4	775.1	491.1	797.9	766.1	314.5	720	485.6	399.9	543.5	721.5	353.6	539.5	283.9	392.2	681.1	696.6	338.6	470.1	301.4	496	500.6	190.1	290.8	388.4	310.9	453.6	754.4	586.8	59.9	345.9	288.3	305.9	571	437.3	80.7	149.7	685.9	241.6	595.7	127.5	214.2	402.6	511.6	510.6	290.7	488.5	285.8	357.6	454	441.4	153.6	350.5	753.8	493.3	452.4	483.1	692.1	149.5	499.1	357	343.4	82.5	355.1	494.2	441.7	490	288.8	454.4	552.6	290.1	445.4	533.2	275.4	100.3	154.1	172.2	201.9	68.6	173.8	0	0.2	276.3	281.8	149.4	451.7	222.6	345	594.7	951.8	173.5	288	134.6	810.7	969.5	369.8	124.3	331.3
490.2	774.9	490.9	797.7	765.9	314.3	719.8	485.4	399.7	543.3	721.3	353.4	539.3	283.7	392	680.9	696.8	338.4	469.9	301.2	495.8	500.4	190.3	290.6	388.2	310.7	453.4	754.6	586.6	59.7	345.7	288.1	305.7	571.2	437.1	80.9	149.9	686.1	241.8	595.9	127.3	214	402.4	511.4	510.4	290.5	488.3	286	357.4	453.8	441.2	153.4	350.3	754	493.1	452.2	482.9	691.9	149.7	498.9	356.8	343.2	82.3	355.3	494	441.5	489.8	288.6	454.2	552.4	289.9	445.2	533	275.6	100.1	153.9	172	202.1	68.4	174	0.2	0	276.5	282	149.6	451.9	222.4	344.8	594.5	951.6	173.3	288.2	134.8	810.5	969.7	370	124.1	331.5
459.6	1046.6	515.8	1061.1	1019.5	525.8	991.5	757.1	475.1	815	895.1	537.9	568.2	555.4	663.7	952.6	557.3	406.7	373.5	572.9	578.3	609.8	247.3	539	480.3	582.4	725.1	615.1	858.3	331.4	414	559.8	311.5	431.7	505.4	192	130.9	546.6	112.8	456.4	399	485.7	674.1	686	579.5	538.9	464.6	243.5	629.1	725.5	638.6	346.7	622	614.5	620.3	723.9	452.7	963.6	130.7	770.6	628.5	353.8	287.5	215.8	419.5	638.9	463.1	312.7	522.5	824.1	538.3	716.9	652.6	233.1	327.8	347.2	443.7	237.9	340.1	233.3	271.5	271.7	0	258.3	130.6	312.4	487.7	616.5	828	1117.5	430.1	319.9	363.4	976.4	830.2	129.6	395.8	307.1
411.3	972.6	413.9	995.4	963.6	380.5	917.5	683.1	426.8	741	846.8	418.7	519.9	481.4	589.7	878.6	509	261.4	325.2	498.9	530	561.5	249.9	393.7	432	508.4	651.1	566.8	784.3	257.4	268.7	485.8	166.2	383.4	360.1	118	49.1	498.3	187.3	408.1	325	411.7	600.1	637.7	531.2	393.6	416.3	98.2	546.8	651.5	538.6	262	548	566.2	572	649.9	404.4	889.6	49.3	696.6	546.2	222.2	213.5	167.5	371.2	538.9	414.8	167.4	377.2	750.1	393	642.9	604.3	87.8	253.8	262.5	369.7	261.7	266.1	159.3	197.5	197.7	189.4	0	49.4	264.1	413.7	542.5	792.2	1149.3	356.1	403	289.4	1008.2	781.9	282.9	321.8	390.2
449.5	923.2	452.1	946	914.2	418.7	868.1	633.7	465	691.6	869.6	456.9	558.1	432	540.3	829.2	547.2	299.6	363.4	449.5	568.2	599.7	200.5	431.9	470.2	459	601.7	605	734.9	208	306.9	436.4	204.4	421.6	398.3	68.6	0.3	536.5	137.9	446.3	275.6	362.3	550.7	659.7	569.4	431.8	454.5	136.4	505.7	602.1	576.8	223.3	498.6	604.4	610.2	600.5	442.6	840.2	0.1	647.2	505.1	260.4	164.1	205.7	409.4	577.1	453	205.6	415.4	700.7	431.2	593.5	642.5	126	204.4	223.8	320.3	212.3	216.7	109.9	148.1	148.3	140	136.9	0	302.3	364.3	493.1	742.8	1099.9	306.7	353.6	240	958.8	820.1	233.5	272.4	340.8
319.5	960.9	361.1	1021.6	989.8	342.7	905.8	851.7	281.7	708.8	768.9	344.5	374.8	514.2	579.7	904.8	431.1	331.1	250.7	595.9	441.8	483.6	494.3	383.9	286.9	744	886.7	378.1	984.9	479.5	338.4	721.4	235.9	194.7	363.4	374.5	305.6	342.1	401	219.4	534.6	621.3	835.7	559.8	453.3	395.1	280.6	267	487.1	887.1	445.2	359.1	549.3	377.5	494.1	676.1	296.7	915.8	305.8	722.8	486.5	235.8	438.9	129.3	212.5	445.5	280.7	234.8	406	738.4	394.5	878.5	526.4	264.9	410	359.6	605.3	518.2	511.4	362.5	454	454.2	302.1	300.3	305.9	0	665.4	778.1	1027.8	1317.9	612.6	601.3	545.9	1176.8	593.2	403.2	567.1	588.5
648.8	927.4	657.6	901.5	859.9	472.9	877.6	490.4	558.3	701.1	879.1	512	697.9	442.3	549.8	825.1	857.6	505.1	636.6	459	654.4	659	334.2	449.2	546.8	358	425.6	928.8	558.8	218.3	512.4	260.3	472.4	744.9	598.4	287.4	356.4	863.9	379.2	802.4	281.5	285.5	374.6	669.2	669	449.1	646.9	492.5	516	426	599.8	320.1	508.1	928.2	651.7	610	641.5	836.1	356.2	656.7	515.4	509.9	253.6	561.8	652.6	600.1	648.4	455.3	620.9	710.2	448.5	417.4	690.8	482.1	266.8	320.6	219.3	297.9	173.2	380.5	206.7	206.5	471.7	488.5	356.1	658.4	0	317	566.7	957.9	89.6	295	134.2	816.8	1151.9	441.6	102.4	382
637	672.7	752.3	604.6	563	461.1	627	193.5	546.5	669.8	792.7	500.2	685.9	430.3	518.5	570.4	845.6	582.3	728.9	427.7	642.4	647	503.5	437.4	535	254.3	128.7	917	261.9	302.3	621.3	72.3	592.4	733.1	586.6	407.9	476.9	852.1	548.5	791.6	250.2	258.6	77.7	637.9	657	437.3	635.1	613	504	129.1	587.8	440.1	476.8	916.4	639.7	560.1	629.7	581.4	476.7	513.1	503.4	629.9	374.1	682.3	640.8	588.1	636.6	575.3	740.9	663.5	436.7	120.5	659.5	602.6	386.8	440.6	166.6	467.2	285.2	501	327.2	327	603.5	609	476.6	778.9	256.2	0	269.8	661	254.9	464.3	299.5	519.9	1124.3	610.9	267.7	551.3
919.5	763.2	1034.8	674.1	632.5	743.6	717.5	476	829	785.5	883.2	782.7	968.4	712.8	801	660.9	1070.5	864.8	1011.4	710.2	924.9	929.5	782.3	719.9	817.5	536.8	411.2	1199.5	420.6	584.8	903.8	354.8	874.9	1015.6	869.1	690.4	759.4	1134.6	803.9	1074.1	532.7	541.1	330	887.7	939.5	719.8	917.6	895.5	786.5	411.6	870.3	722.6	759.3	1198.9	922.2	650.6	912.2	671.9	759.2	603.6	785.9	912.4	656.6	964.8	923.3	870.6	919.1	857.8	1023.4	754	719.2	403	942	885.1	669.3	723.1	449.1	749.7	567.7	783.5	609.7	609.5	886	891.5	759.1	1061.4	538.7	295.3	0	730.5	537.4	746.8	582	589.4	1214.8	845.4	550.2	778.6
1141.5	625	1318.8	441.3	433.8	1028.8	647.5	665.1	1113	734.8	859.7	1066.7	1078.4	944.1	808.7	468.9	943.4	1150	1295.4	855.4	1009.6	925.9	977	1005.1	1101.5	891.6	722.6	1295.4	647.7	875.9	1189	709.6	1166	1227.8	1153.1	1014.5	1083.5	1048.4	998.6	1217.1	812.3	804.5	684.8	849.7	956.2	1005	1201.6	1219.6	878.2	722.1	1032.7	1013.7	829.6	1294.8	925.7	694.8	1162.2	475.3	1083.3	647.8	878.8	1203.5	968.5	1270.2	1196.8	1033	1203.1	1148.9	1314.5	733.8	1004.4	718.5	907.4	1209.2	960.4	1014.2	803.9	966.7	922.5	1099.9	933.8	933.6	1091.1	1207.9	1083.2	1323.9	893.5	650.1	694	0	892.2	986.1	936.8	488.4	1115.7	1040.1	905	973.3
559.2	837.8	568	852.3	820.5	383.3	788	459.8	468.7	611.5	789.5	422.4	608.3	352.7	460.2	735.5	768	415.5	547	369.4	564.8	569.4	307.2	359.6	457.2	268.4	395	839.2	528.2	128.7	422.8	229.7	382.8	655.3	508.8	197.8	266.8	774.3	356	712.8	191.9	195.9	344	579.6	579.4	359.5	557.3	402.9	426.4	395.4	510.2	230.5	418.5	838.6	562.1	520.4	551.9	746.5	266.6	567.1	425.8	420.3	164	472.2	563	510.5	558.8	365.7	531.3	620.6	358.9	386.8	601.2	392.5	177.2	231	129.7	274.7	83.6	290.9	117.1	116.9	393.4	398.9	266.5	568.8	116.6	286.4	536.1	927.3	0	271.8	107	786.2	1062.3	418.4	12.8	358.8
745.4	1053.1	757.8	956.8	915.2	608.4	1007.4	649.8	693.8	837.4	1015.4	647.5	833.4	577.8	686.1	950.8	843.1	605.3	659.3	595.3	789.9	794.5	191.7	584.7	682.3	517.4	585	900.9	718.2	353.8	612.6	419.7	550.4	717.5	704	290.2	346.3	832.4	213.3	742.2	421.4	444.9	534	805.5	804.5	584.6	750.4	482.4	651.5	585.4	735.3	430.6	644.4	900.3	787.2	746.3	738.5	961.8	346.1	793	650.9	606.4	360.7	501.6	705.3	735.6	748.9	551.6	721.1	846.5	584	576.8	827.1	472	394.2	431.1	378.7	164.2	332.6	381.8	293.9	294.1	305.8	481.5	346	598.2	299.4	476.4	723.7	1013.2	249	0	166.2	872.1	1116	275.7	261.8	160
622.6	907.3	623.3	894.7	853.1	446.7	852.2	483.6	532.1	675.7	853.7	485.8	671.7	416.1	524.4	813.3	790.2	470.8	602.3	433.6	628.2	632.8	204	423	520.6	351.2	418.8	848	552	192.1	478.1	253.5	438.1	664.6	569.5	174.3	243.3	779.5	249	689.3	259.7	278.7	367.8	643.8	642.8	422.9	620.7	379.4	489.8	419.2	573.6	285.8	482.7	847.4	625.5	584.6	615.3	824.3	243.1	631.3	489.2	475.6	214.7	448.7	626.4	573.9	622.2	421	586.6	684.8	422.3	410.6	665.4	369	232.5	286.3	212.5	167.7	166.4	267.4	132.2	132.4	341.5	375.4	243	545.3	140.4	310.2	559.9	951.1	82.8	164.8	0	810	1063.1	311.4	95.6	251.8
1071.7	707.9	1187	488.2	446.6	895.8	674.2	532.1	981.2	742.2	839.9	934.9	1036.2	811.1	766.5	551.8	1027.2	1017	1163.6	767.9	974.5	890.8	844	872.1	969.7	758.6	589.6	1351.2	514.7	742.9	1056	576.6	1033	1167.8	1021.3	881.5	950.5	1132.2	865.6	1226.3	679.3	671.5	551.8	844.4	921.1	872	1069.8	1086.6	836	589.1	968.6	880.7	742.1	1350.6	883.5	607.3	1064.4	558.2	950.3	560.3	836.6	1070.5	835.5	1137.2	1075.5	968.9	1071.3	1015.9	1181.5	710.7	871.4	585.5	907.5	1076.2	827.4	881.2	670.9	833.7	789.5	966.9	800.8	800.6	958.1	1074.9	950.2	1220.5	760.5	517.1	561	544.6	759.2	853.1	803.8	0	1171.5	907.1	772	840.3
503	791.5	721.5	878.5	898.8	687.9	745.8	1038.7	626.9	811.4	729.6	689.7	622.6	795.5	720.3	746.7	455.1	837.6	669.7	811.2	554.7	586.2	1000.8	729.1	632.1	1118.3	1096.2	301.6	1021.3	912.3	844.9	1095.7	742.4	474.3	710.7	881	812.1	337.7	907.5	414.2	908.9	963.2	1077.9	662.4	555.9	740.3	641	773.5	674.3	1095.7	715.2	865.6	771.6	301	596.7	822.2	540.6	757.7	812.3	775.2	673.7	742.3	945.4	635.8	525.2	715.5	641.1	741.3	825	825.5	739.7	1092.1	629	771.4	916.5	866.1	979.6	1024.7	967.9	869	960.5	960.7	808.6	806.8	812.4	567.8	1121.9	1152.4	1233.2	1094.8	1072.8	1107.8	1052.4	1152.4	0	909.7	1023.6	1095
590.7	1095.7	646.9	999.4	957.8	656.9	1050	851.5	606.2	959.1	1026.2	669	699.3	699.5	807.8	993.4	688.4	537.8	504.6	717	709.4	740.9	252.3	670.1	611.4	719.1	786.7	746.2	830.8	475.5	545.1	621.4	442.6	562.8	636.5	336.1	275	677.7	204.3	587.5	543.1	629.8	735.7	817.1	710.6	670	595.7	374.6	773.2	787.1	769.7	490.8	766.1	745.6	751.4	868	583.8	1004.4	274.8	914.7	772.6	484.9	431.6	346.9	550.6	770	594.2	443.8	653.6	968.2	669.4	778.5	783.7	364.2	471.9	491.3	580.4	242	484.2	377.4	415.6	415.8	173.6	389.4	274.7	443.5	501.1	678.1	766.3	1055.8	450.7	324	367.9	914.7	961.3	0	463.5	311.2
551.9	825	560.7	839.5	807.7	376	775.7	447	461.4	599.2	777.2	415.1	601	345.4	447.9	722.7	760.7	408.2	539.7	357.1	557.5	562.1	299.9	352.3	449.9	255.6	382.2	831.9	515.4	121.4	415.5	216.9	375.5	648	501.5	190.5	259.5	767	348.3	705.5	179.6	183.1	331.2	567.3	572.1	352.2	550	395.6	419.1	382.6	502.9	223.2	406.2	831.3	554.8	508.1	544.6	733.7	259.3	554.8	418.5	413	156.7	464.9	555.7	503.2	551.5	358.4	524	608.3	351.6	374	588.9	385.2	169.9	223.7	116.9	267	76.3	283.6	109.8	109.6	386.1	391.6	259.2	561.5	103.8	273.6	523.3	914.5	54.7	264.1	99.3	773.4	1055	410.7	0	351.1
723.8	1031.5	737	935.2	893.6	628.6	985.8	737.4	713.1	878.1	1056.1	666.8	832.4	618.5	726.8	929.2	821.5	584.5	637.7	636	830.6	835.2	170.1	622.8	701.6	605	672.6	879.3	766.6	394.5	591.8	507.3	528.8	695.9	683.2	269.4	324.7	810.8	191.7	720.6	462.1	532.5	621.6	846.2	843.7	622.7	728.8	460.8	692.2	673	776	409.8	685.1	878.7	827.9	787	716.9	940.2	324.5	833.7	691.6	584.8	350.6	480	683.7	776.3	727.3	530	700.3	887.2	622.1	664.4	867.8	450.4	390.9	410.3	466.3	159.8	403.2	361	334.6	334.8	284.2	459.9	324.4	576.6	387	564	702.1	991.6	336.6	158.5	253.8	850.5	1094.4	254.1	349.4	0
